42
46
41
46
39
69
74
61
57
72
57
42
49
61
41
57
42
59
44
81
74
41
69
42
46
37
41
39
44
54
69
57
57
61
41
39
61
61
44
41
39
54
77
54
53
74
74
59
65
69
61
74
61
74
67
100
112
126
118
117
116
116
116
116
112
109
110
112
112
114
116
116
116
117
118
122
123
123
125
125
125
126
126
126
126
126
126
126
126
126
126
130
132
130
153
155
155
169
161
162
167
164
162
157
162
165
167
150
150
148
146
144
140
139
139
139
139
138
135
135
134
130
129
129
129
128
126
122
123
123
123
123
123
129
131
131
131
131
135
137
137
137
134
134
134
134
133
133
133
133
133
133
132
131
131
131
131
131
133
134
135
139
139
158
176
176
171
162
162
162
162
169
165
160
158
156
153
153
150
148
147
146
144
140
138
138
138
138
138
138
140
141
141
140
141
148
148
148
148
150
135
139
139
139
139
139
139
140
142
142
141
141
141
142
142
143
143
147
149
149
149
148
148
140
135
134
133
132
113
113
122
127
130
129
129
129
129
130
130
128
127
125
126
122
125
126
126
127
130
129
129
129
129
129
127
126
126
127
128
127
126
125
119
113
107
104
104
106
106
141
142
144
119
118
115
68
68
68
81
69
77
77
78
78
78
77
76
74
72
68
67
68
68
69
69
71
88
77
81
77
54
57
100
65
69