61
61
49
42
41
46
41
44
49
81
54
46
51
61
49
46
57
46
51
61
51
41
41
42
46
49
42
42
57
57
61
65
42
61
88
63
65
65
78
81
64
63
64
64
65
65
65
65
65
65
65
65
67
65
65
65
65
65
65
65
65
65
65
65
65
65
65
65
65
65
64
65
64
73
69
68
65
69
71
69
69
69
68
68
65
69
69
69
68
68
68
68
68
68
68
68
68
68
68
68
65
67
67
67
67
67
67
68
67
67
65
67
67
67
64
67
68
68
69
69
69
71
69
69
69
69
69
69
69
69
69
69
69
69
69
69
69
69
69
69
69
69
69
69
69
69
69
69
69
69
67
65
65
65
65
65
65
65
67
65
65
65
65
65
65
67
67
67
67
68
69
68
68
68
69
69
68
68
68
69
71
69
71
69
69
69
69
69
64
61
64
63
61
63
63
63
63
63
63
63
63
63
63
63
64
68
68
68
68
68
68
68
68
68
68
68
68
68
67
65
64
64
64
65
67
65
67
65
65
67
67
65
65
64
65
64
63
64
64
64
65
68
68
68
68
68
68
68
68
68
68
69
73
73
73
67
68
68
68
68
64
63
64
64
67
68
69
68
68
68
68
68
68
68
68
69
69
68
68
67
67
67
67
67
67
65
65
67
67
67
65
65
64
65
68
68
67
67
68
67
67
67
67
67
67
65
67
67
68
74
73
71
64
61
61
61
61
61
63
61
61
63
63
63
63
63
63
64
64
65
65
65
65
65
68
69
67
65
65
65
65
68
71
69
69
68
69
69
69
69
69
69
68
65
67
67
65
67
67
68
68
72
73
69
69
69
69
69
69
69
69
69
69
69
63
64
65
67
65
65
63
60
59
59
60
61
61
63
64
65
65
65
65
65
65
65
65
67
65
65
67
65
65
65
65
65
65
65
65
65
65
65
65
67
68
65
64
64
64
64
64
64
64
61
61
63
61
57
61
61
67
67
67
67
67
67
72
73
72
69
68
65
64
64
60
61
61
61
61
64
64
64
65
69
67
65
65
67
67
68
67
65
65
65
65
65
65
61
65
63
63
61
63
63
61
61
57
58
58
63
65
64
61
63
63
64
63
65
65
64
64
64
64
67
64
65
65
65
65
64
64
63
64
65
68
65
65
65
65
65
65
65
65
63
61
61
61
61
61
61
61
61
63
61
63
65
65
67
67
65
65
64
63
63
63
63
64
63
61
61
63
63
63
65
65
65
65
65
65
65
65
65
65
64
61
61
61
61
61
63
61
67
65
65
67
68
68
68
68
68
68
68
68
68
68
65
65
65
65
67
68
69
63
63
61
61
61
63
64
63
61
63
61
63
61
59
61
61
61
61
68
76
72
69
69
68
67
68
67
65
65
65
65
65
71
65
65
65
56
55
56
56
56
59
59
63
63
65
64
64
64
65
65
65
65
65
65
65
65
65
67
67
65
64
63
64
64
65
65
65
67
67
65
65
64
63
64
64
63
63
64
64
64
69
67
65
65
65
65
65
65
65
63
63
61
61
61
61
61
61
61
65
61
63
63
63
61
61
63
63
61
61
61
61
61
61
63
65
69
68
68
68
67
65
60
61
63
64
64
64
65
67
73
73
73
72
71
63
61
63
61
61
61
63
64
65
65
65
64
64
64
63
63
61
61
61
61
65
65
65
61
60
59
57
55
59
59
63
63
68
64
63
63
61
61
61
61
61
61
61
63
64
65
65
61
60
61
61
64
65
65
65
65
67
65
65
61
60
60
60
60
60
60
60
60
60
63
61
61
61
61
61
61
61
63
61
60
61
61
61
61
61
61
61
61
61
63
63
63
63
63
63
63
63
63
63
65
64
65
64
63
63
63
61
61
61
61
61
63
63
63
60
61
58
60
65
63
61
61
60
60
60
61
61
60
61
60
61
60
60
61
61
61
61
61
63
64
64
65
64
65
65
65
68
69
68
68
68
68
68
69
69
76
76
68
67
67
67
67
65
65
67
67
74
67
67
65
96
96
77
77
77
77
80
78
72
98
96
65
54
57
56
56
56
56
56
56
58
59
60
61
64
63
64
64
64
65
67
67
67
68
68
72
72
72
72
72
71
68
68
68
68
68
68
68
68
68
68
67
68
69
71
71
71
69
69
68
65
65
65
67
68
68
68
77
77
71
71
71
72
69
71
72
73
73
73
77
69
72
71
73
73
72
72
72
72
76
83
74
71
77
77
81
78
78
78
78
77
78
80
77
78
74
76
74
73
72
72
77
78
78
80
78
80
78
78
73
72
77
76
76
74
69
74
69
68
65
67
67
69
71
73
74
74
73
69
69
78
78
77
72
72
72
78
80
77
77
78
78
78
76
73
74
72
74
74
77
72
72
72
72
71
74
69
69
69
71
72
72
74
72
78
81
77
77
77
80
80
76
77
69
68
68
69
78
77
76
74
77
76
71
72
71
71
71
71
72
72
71
76
74
72
69
68
69
73
74
74
68
69
71
71
71
74
72
71
74
69
69
74
76
77
77
78
74
74
74
77
77
81
78
74
76
77
74
71
71
68
71
68
68
67
73
73
73
73
72
68
68
68
68
69
77
77
72
67
67
67
65
65
72
73
68
69
69
69
74
74
77
77
77
77
77
63
61
61
69
74
74
74
73
73
74
73
73
78
78
77
76
74
71
69
72
72
73
73
73
76
77
77
74
74
68
74
78
78
74
74
73
72
74
73
76
77
77
83
74
77
77
73
72
71
68
69
68
68
69
74
78
74
74
76
74
74
73
74
74
74
74
74
72
72
72
73
72
72
74
74
74
73
74
74
74
74
73
72
71
69
69
69
74
74
74
73
69
71
69
69
69
69
68
69
69
72
71
72
72
71
72
74
74
69
64
73
74
71
81
83
72
72
81
78
78
72
67
67
68
68
69
72
77
77
73
72
72
72
73
73
74
74
76
76
74
76
74
72
71
71
71
71
71
71
72
73
74
71
72
71
71
71
72
71
71
72
74
74
77
74
72
71
71
72
78
83
83
83
83
83
82
78
73
74
72
72
71
72
69
69
68
69
69
69
72
74
74
74
74
74
74
77
77
77
77
76
74
76
77
77
77
77
76
76
74
74
74
65
64
63
74
74
74
74
74
77
78
77
76
74
74
74
74
74
74
74
74
74
74
73
73
71
69
71
71
73
72
72
71
71
73
74
74
74
78
83
78
77
74
73
72
72
73
74
73
76
74
74
77
78
78
78
80
74
76
76
76
73
71
72
74
81
78
77
74
74
74
74
72
73
72
73
73
73
73
74
74
76
74
76
76
76
76
77
76
74
74
68
69
69
71
71
71
72
72
72
72
71
68
68
68
71
69
69
69
69
71
74
74
76
73
72
72
69
85
69
71
71
71
71
72
72
72
76
78
77
78
78
77
78
77
78
74
74
74
74
80
77
77
74
74
74
74
73
73
72
83
82
82
78
78
78
92
92
92
92
87
78
78
78
78
78
77
69
68
69
69
69
63
68
68
68
68
69
69
69
71
71
72
72
72
72
73
73
72
72
68
69
69
69
69
69
69
69
71
71
69
69
69
68
65
69
71
69
69
69
69
69
72
69
68
68
68
68
68
68
68
67
68
68
68
71
72
76
76
76
76
76
76
76
74
74
74
65
65
65
65
65
65
64
64
65
65
68
68
68
68
68
72
73
73
74
74
77
78
77
74
74
71
69
68
68
68
68
68
64
69
71
73
77
77
73
72
72
72
72
72
72
72
72
73
74
74
78
83
81
78
77
74
74
73
73
74
74
74
74
74
74
69
71
69
69
68
68
68
68
68
68
68
68
68
68
69
68
71
69
71
72
72
74
73
73
73
73
74
73
73
73
73
73
72
72
69
69
69
68
68
65
67
67
69
69
71
69
69
68
69
69
69
69
69
69
69
71
74
77
77
77
77
76
69
68
68
68
68
68
68
65
65
67
65
61
68
60
63
64
69
68
68
67
65
65
65
65
68
68
68
67
65
65
68
68
68
68
68
68
67
64
64
65
65
65
65
65
65
65
63
63
56
57
60
61
65
65
65
67
68
69
69
69
69
69
68
69
69
69
69
69
69
69
69
69
69
69
69
73
69
71
71
69
69
69
69
69
68
68
67
68
67
68
68
68
65
65
65
67
67
68
68
68
69
68
68
68
68
68
67
67
67
67
65
65
65
65
65
65
65
65
67
65
68
68
68
68
69
69
69
69
71
74
74
72
69
71
74
74
72
73
73
73
72
71
69
71
71
71
71
71
71
71
71
71
61
65
63
64
61
64
61
64
61
61
58
59
59
63
65
65
67
71
74
77
69
71
69
69
77
78
77
67
67
65
67
67
68
68
68
69
69
69
68
68
74
73
78
83
86
95
74
74
76
74
68
68
65
72
69
71
74
77
77
78
65
68
72
69
69
69
68
69
71
72
73
73
73
74
76
77
77
77
77
77
76
74
74
74
74
72
73
77
76
77
77
80
74
73
72
71
69
69
69
69
72
74
74
74
74
74
74
76
77
77
77
77
78
78
78
77
77
77
77
78
77
77
77
77
77
77
77
77
77
77
76
76
77
76
76
77
77
76
74
74
74
76
76
78
78
78
78
78
78
73
74
78
81
80
80
80
78
78
80
77
74
76
76
76
76
77
78
77
77
76
76
77
77
73
76
76
78
81
77
74
74
74
74
76
74
74
74
86
83
81
80
78
78
76
74
73
73
72
73
73
73
74
73
81
80
80
80
68
68
68
69
71
71
71
71
74
76
76
74
74
74
74
77
77
77
77
76
76
76
76
74
74
74
73
73
74
74
74
73
73
72
71
71
71
71
72
74
76
76
76
76
74
74
74
74
74
73
73
73
74
74
73
74
78
77
74
74
74
74
69
69
69
69
71
69
69
69
69
74
76
76
74
74
74
74
74
74
72
72
71
71
72
72
72
72
72
74
77
77
77
77
77
74
72
72
73
74
73
72
72
72
72
72
74
74
74
74
78
82
80
82
83
83
83
83
77
76
76
72
69
69
69
69
74
74
74
74
73
72
72
72
72
72
69
69
73
76
77
74
71
69
73
72
74
78
76
74
74
74
74
74
74
69
69
68
69
69
69
69
69
69
69
69
71
71
71
71
71
71
69
69
69
69
69
73
73
72
71
74
74
74
71
71
72
72
73
74
76
74
71
65
65
68
72
72
69
69
69
69
71
73
74
76
76
76
76
74
74
74
74
73
73
73
74
74
73
72
72
72
72
72
72
72
72
76
74
74
76
74
73
74
74
74
74
74
74
74
77
77
76
76
76
76
76
77
78
71
71
71
69
69
63
65
68
69
68
68
68
69
71
71
71
71
72
72
73
73
73
69
69
74
74
74
74
74
74
74
74
74
74
74
72
71
71
69
71
71
71
71
71
71
71
74
74
74
72
72
71
71
71
69
69
69
69
69
69
69
69
71
71
72
72
74
80
81
81
80
78
80
78
77
76
76
81
83
83
83
82
82
82
81
78
78
69
69
69
69
78
80
78
78
80
83
81
77
68
65
64
65
67
65
68
67
65
65
65
65
68
69
69
69
69
69
68
68
68
68
65
65
68
68
67
67
68
68
68
69
69
68
69
69
74
77
77
77
77
74
72
72
73
86
83
78
74
73
73
73
73
77
77
73
74
74
72
72
71
71
64
67
65
67
68
68
68
67
67
67
68
68
71
65
65
65
69
71
72
74
74
72
69
69
69
69
73
74
74
74
74
76
74
74
74
74
73
74
73
73
73
73
73
73
73
73
73
73
73
73
73
74
71
69
71
71
71
71
71
69
69
69
69
69
69
69
69
69
69
69
69
69
69
69
69
69
69
69
73
77
77
69
68
68
67
68
68
68
68
69
68
65
65
65
78
77
72
72
74
73
72
71
69
69
69
71
71
77
72
73
71
69
69
68
68
67
65
65
67
68
77
76
76
76
76
76
72
71
71
71
71
73
74
72
72
72
72
63
63
65
68
65
65
65
67
67
67
68
68
68
67
68
86
86
83
82
82
82
78
71
68
68
68
67
65
64
61
61
59
59
61
61
63
65
68
68
72
71
72
72
68
67
67
67
68
68
72
76
74
63
61
63
65
65
65
64
65
69
71
73
73
72
72
72
74
73
73
73
73
73
73
55
56
56
57
57
69
68
68
68
68
69
69
63
90
69
69
69
69
104
103
103
102
101
101
104
104
104
104
104
100
72
72
73
74
73
72
69
69
69
69
74
73
74
72
69
68
69
68
68
68
68
68
69
69
69
71
72
74
74
74
77
76
74
71
67
65
65
63
65
65
65
65
68
68
68
68
69
71
69
69
71
73
78
73
71
69
69
68
68
68
69
68
68
67
68
68
68
68
67
65
65
65
65
65
65
68
69
68
68
65
65
65
65
67
68
68
68
69
68
68
68
68
68
68
69
71
69
68
68
71
69
71
71
71
71
71
71
71
68
68
68
67
68
68
68
68
68
68
69
68
68
68
69
69
69
69
69
69
69
69
69
69
69
72
73
73
73
73
73
73
74
73
73
73
73
72
72
71
69
67
68
68
68
68
68
74
74
74
74
74
72
72
71
69
69
69
69
71
71
72
85
77
72
73
73
73
73
73
73
72
71
71
71
72
72
72
72
73
77
74
78
83
77
76
74
74
74
74
74
74
73
73
71
72
74
71
71
71
74
73
73
74
74
76
74
74
74
74
74
74
74
74
74
74
74
74
74
76
74
74
76
77
77
77
77
77
77
76
76
76
76
74
74
74
74
74
73
69
68
69
69
67
68
73
78
72
69
69
74
78
78
68
69
69
73
78
73
74
71
72
72
72
73
73
73
73
72
71
72
74
72
69
69
69
73
73
74
76
76
74
73
73
73
74
78
78
78
73
74
74
74
74
73
69
69
71
73
73
73
74
77
78
78
78
78
77
74
71
73
76
76
74
76
76
74
69
69
69
73
78
76
73
76
74
65
65
67
67
67
64
65
65
65
65
77
76
76
59
59
59
59
69
71
72
73
71
71
74
74
73
77
76
74
74
73
73
73
73
74
74
74
72
72
73
73
74
74
74
74
74
74
74
82
82
78
78
77
82
74
77
78
78
78
73
68
73
72
73
76
74
77
74
76
76
76
74
74
74
74
74
83
85
85
85
83
83
81
81
78
78
78
78
80
78
78
78
78
80
78
80
78
78
78
80
85
78
78
78
78
78
78
78
78
78
77
73
74
74
77
77
77
77
78
78
77
77
77
77
77
78
80
77
73
69
69
68
76
77
77
77
65
68
69
74
73
74
74
74
74
74
71
78
80
74
74
74
73
73
73
82
81
80
78
77
77
77
78
78
78
78
78
78
78
78
83
87
87
74
164
162
153
153
156
179
180
179
180
177
177
177
162
168
170
169
168
168
168
168
168
167
167
168
167
168
168
169
168
168
168
168
169
168
167
167
167
167
169
171
171
170
167
167
167
167
167
167
174
170
171
170
169
169
169
174
177
176
176
167
176
174
173
173
173
174
174
173
173
171
170
169
170
170
171
177
178
169
168
168
168
168
168
162
164
167
171
170
167
158
161
167
168
169
170
171
174
174
175
171
173
171
167
167
167
168
168
168
168
169
171
167
167
168
164
164
164
164
168
168
167
167
169
168
168
171
170
170
170
169
170
173
176
175
170
171
170
166
166
162
162
165
166
165
162
162
162
162
162
159
155
149
144
141
140
134
132
131
144
149
175
166
165
165
165
149
165
143
143
144
162
162
162
149
144
144
144
144
143
140
131
122
122
120
121
121
120
113
113
113
110
110
110
112
110
159
167
168
168
168
173
174
173
171
171
171
175
175
176
175
175
176
169
174
169
169
169
169
170
169
169
169
157
158
162
162
158
158
162
162
164
165
164
155
156
155
157
157
157
157
157
169
169
170
171
175
194
196
134
134
135
134
134
134
192
182
180
180
180
148
148
149
149
175
182
182
98
100
100
100
100
99
94
94
96
99
101
100
101
101
101
100
95
95
95
94
95
96
96
98
100
102
87
87
87
87
106
103
86
87
87
87
86
86
86
86
86
86
86
86
86
86
86
86
86
98
96
85
80
78
82
82
85
86
83
82
83
83
83
83
83
83
83
83
83
83
83
86
85
83
77
80
77
89
87
87
87
87
86
85
86
89
89
89
89
89
100
94
91
91
91
91
91
91
91
91
91
92
92
92
92
92
92
92
92
92
94
92
92
92
94
96
94
86
87
86
86
87
87
87
87
87
87
89
87
99
98
87
87
87
87
92
94
94
94
92
92
90
86
89
89
91
91
90
87
92
92
92
92
92
92
92
92
89
83
85
85
86
86
90
89
87
85
85
87
91
89
89
91
92
92
92
92
91
91
99
100
104
104
104
95
95
95
94
99
95
99
98
98
98
98
98
95
95
95
94
95
86
86
94
94
94
94
94
94
94
95
95
95
95
95
89
89
89
89
94
89
86
86
86
86
86
95
94
95
95
95
95
95
95
95
94
95
95
95
95
96
95
89
87
86
85
81
82
77
48
47
46
46
46
46
50
50
50
59
61
68
68
65
101
101
102
101
101
101
99
98
98
99
95
98
95
96
92
94
94
95
96
86
95
95
87
95
95
83
85
83
98
95
94
95
95
95
95
95
95
95
95
96
99
100
100
99
98
100
101
100
101
101
104
104
104
110
112
113
113
113
116
116
115
114
110
101
114
96
98
48
48
48
46
41
40
40
40
86
87
91
90
90
90
91
90
83
83
83
83
85
85
85
85
85
86
86
85
85
85
87
87
85
87
87
87
105
101
102
102
102
102
102
102
102
102
102
68
68
90
90
89
89
89
89
89
89
89
87
89
89
89
87
87
87
86
87
86
78
78
86
78
78
78
78
78
86
89
86
86
85
87
90
87
89
89
87
92
92
92
81
81
90
91
91
91
92
89
89
89
89
89
90
89
95
94
94
95
95
95
94
92
92
92
92
90
89
89
87
87
90
94
94
94
94
94
94
94
94
95
95
94
95
92
92
98
110
112
113
73
74
74
74
74
74
74
74
73
73
72
73
72
113
113
113
113
113
113
87
87
76
77
69
74
68
76
77
76
90
86
87
87
82
83
83
82
81
74
77
77
80
80
77
78
78
80
82
83
83
83
85
83
83
85
85
85
85
86
86
83
83
82
81
82
82
82
82
80
80
78
77
77
77
78
78
80
81
82
83
81
82
76
80
77
77
83
78
77
82
82
83
81
77
77
77
77
77
77
77
85
87
86
82
83
83
83
92
91
85
82
81
85
83
86
85
85
86
86
85
85
85
85
85
83
82
82
82
81
83
85
89
87
90
83
76
77
77
77
77
78
78
78
78
78
78
83
83
83
83
83
86
83
81
81
81
82
82
83
86
85
83
83
83
83
86
86
86
87
87
87
86
86
83
82
83
83
83
83
80
80
81
78
78
73
74
92
87
86
83
86
80
86
89
87
85
87
87
86
87
86
86
86
87
92
92
87
87
87
95
86
122
122
128
126
128
128
129
129
129
129
130
92
91
90
90
89
89
87
83
80
82
83
83
89
76
78
78
80
80
80
80
78
78
78
80
80
87
82
80
83
86
81
77
77
77
76
82
86
89
89
82
81
82
87
86
83
82
82
82
82
78
77
80
80
80
81
87
90
83
78
82
82
83
77
77
83
86
83
83
85
85
82
82
78
83
83
83
83
83
80
78
78
78
78
78
78
78
78
83
87
89
86
82
80
78
59
54
50
83
86
87
83
81
80
80
78
78
78
78
83
83
83
83
83
85
83
87
86
82
81
81
81
83
82
81
82
87
87
87
86
83
86
86
86
86
86
86
86
86
87
78
77
76
74
74
74
76
76
74
76
76
74
74
76
78
78
77
77
77
77
78
78
80
78
78
80
78
77
77
78
81
81
81
81
80
78
77
78
78
78
78
77
76
76
78
80
78
78
78
78
78
78
78
78
80
81
81
81
82
82
82
83
80
77
74
74
74
77
78
78
82
81
80
78
78
77
74
77
78
80
80
80
78
78
80
81
82
81
76
76
76
78
78
80
78
80
80
82
82
81
82
83
85
85
85
85
85
83
82
81
83
83
81
83
82
80
80
80
73
74
68
65
61
63
63
68
68
68
63
65
68
74
77
77
92
92
94
92
92
90
90
89
86
85
86
86
86
86
86
92
87
86
85
82
82
81
78
78
77
77
71
69
69
69
71
69
71
78
77
78
78
90
81
78
73
72
73
74
78
82
83
82
81
78
78
74
72
71
71
78
78
90
89
86
86
85
83
83
83
86
87
87
71
87
87
87
85
78
86
85
85
87
86
87
87
86
83
81
80
80
80
78
71
69
69
68
68
68
69
69
98
81
77
71
69
69
68
68
67
65
59
56
59
61
61
77
74
74
74
74
74
74
76
76
74
76
78
74
77
74
74
76
76
77
77
77
77
77
77
77
78
78
76
77
81
81
86
86
86
78
77
77
72
74
76
76
76
77
77
78
78
78
78
78
78
80
82
83
83
82
82
80
81
77
77
77
76
76
74
74
74
89
89
83
80
77
78
77
77
77
77
77
77
77
76
76
74
74
74
76
80
77
76
76
76
77
74
76
76
76
74
74
74
77
76
76
76
77
77
71
71
69
68
65
67
67
67
67
68
67
68
69
73
77
78
77
73
68
68
68
69
69
69
69
74
74
76
76
77
76
76
76
76
82
81
78
78
77
77
77
77
77
77
86
86
87
86
78
77
77
77
77
77
77
76
73
77
89
87
87
87
78
78
80
82
85
83
83
82
82
80
80
78
78
85
86
87
86
83
83
85
85
83
82
74
82
83
83
83
83
83
82
83
83
83
83
82
82
82
83
86
87
87
86
82
82
78
78
77
78
78
80
85
86
91
86
86
86
86
80
83
81
80
80
80
80
80
74
80
81
81
83
81
82
82
82
82
81
78
80
80
78
77
86
86
83
82
82
83
82
81
78
78
78
81
82
82
82
82
81
81
81
78
78
80
80
81
80
80
78
78
78
78
80
77
77
78
78
77
78
77
78
78
80
86
78
78
77
77
77
77
77
83
78
78
78
78
78
78
78
78
78
76
77
80
81
81
80
80
80
78
78
77
77
76
77
76
76
76
76
69
76
76
76
76
76
76
74
76
77
76
78
76
77
76
77
77
77
86
87
86
86
86
85
83
77
77
77
77
78
82
82
82
83
85
83
83
86
83
78
77
77
77
77
78
45
45
45
45
67
68
67
68
68
67
65
67
68
68
68
68
68
68
68
69
65
67
67
68
68
68
68
68
68
69
74
74
74
74
74
54
51
51
51
50
50
50
50
68
68
61
56
54
53
53
54
77
77
82
83
72
72
76
74
74
74
74
73
73
59
58
59
63
65
65
67
69
68
69
77
67
74
73
73
73
73
74
74
73
73
73
74
74
74
73
73
73
73
67
65
65
65
65
64
64
64
64
64
65
65
67
69
68
65
68
69
68
68
67
68
68
68
68
68
68
68
65
67
65
65
65
67
67
65
65
65
45
50
54
54
52
52
51
51
51
51
49
48
44
46
49
49
49
49
49
49
49
73
74
74
74
74
77
80
74
68
68
68
68
68
67
68
68
67
68
69
73
52
47
44
43
82
81
77
74
72
71
68
71
69
69
69
69
69
69
65
64
65
65
65
65
65
65
69
69
68
68
68
68
76
74
74
59
56
56
59
60
65
69
65
65
65
65
68
71
74
77
77
81
86
86
86
83
82
78
73
73
72
71
69
72
73
78
80
80
78
78
78
78
80
76
74
74
73
73
74
74
73
72
69
69
69
69
71
73
73
73
69
68
68
72
72
71
72
73
71
69
68
67
81
80
80
80
80
78
78
80
82
82
81
74
74
80
63
68
77
74
83
82
82
81
82
81
78
77
74
68
69
73
83
87
87
87
89
87
86
77
76
76
76
76
77
61
61
61
63
64
80
80
81
58
59
59
59
61
97
88
69
72
72
