559.1
1159.2
1759
2359
3559
4159.1
4759.1
5359
5959.3
6559
7159
7759.1
8359
9559.1
10159
10759.1
11359.1
11959
12559.2
13159.1
13759.1
14359.1
14959.1
15559.2
16159.5
16759.2
17359.1
17959.1
18559.1
19159.2
19759.1
20359.3
20959.2
21559.1
22159.1
22759.7
23359.3
24559.2
25159.1
25759.2
26359.2
32072.2
32672.2
33272.2
34472.3
36872.3
37472.3
39272.3
39872.3
40472.3
41072.3
41672.4
42272.3
42872.3
43472.4
44072.3
44672.4
45272.3
45872.3
46472.3
47072.4
47672.3
48272.8
49472.3
50672.3
54872.4
55472.5
56672.5
57272.5
60872.4
77073.6
78872.6
80072.7
80672.6
81272.6
82472.7